7181
7191
10018
10026
10030
10129
10174
10186
10212
10215
10225
10227
75059
75060
75095
75159
75192
75181
75275
75309
75341
75331
75355
75397
75283
40591
75136
75198
75299
75103
75333
9498
7656
75281
75273
75360
75326
75054
75325
75084
10131
75389
75361
75138
75271
75378
40483
75255
75347
75346
75199
75272
40686
75049
41619
8098
75302
75317
75274
75276
75304
75327
75328
75350
75351
75032
75033
75125
75126
75160
75163
75195
75127
911952
75196
75072
75130
75028
75030
75076
75265
75162
75228
75193
75224
75329
75330
75352
75380
40573