10018
10026
10030
10129
10131
10143
10174
10175
10186
10212
10214
10215
10221
10225
10227
10240
30680
40483
40499
40531
40539
40547
40573
40591
40615
40623
40675
40676
40686
41486
41498
41602
41603
41608
41609
41619
41620
41627
41628
41629
7110
7181
7191
7255
75013
75028
75029
75030
75031
75032
75033
75035
75046
75049
75054
75059
75060
75072
75073
75074
75075
75076
75077
75084
75095
75098
75099
75102
75103
75125
75126
75127
75128
75129
75130
75136
75137
75138
75139
75148
75149
75159
75160
75161
75162
75163
75165
75170
75177
75180
75181
75192
75193
75195
75196
75198
75199
75222
75223
75224
75228
75232
75242
75254
75255
75265
75271
75272
75273
75274
75275
75276
75277
75281
75283
75290
75294
75296
75299
75302
75304
75306
75308
75309
75312
75313
75317
75318
75319
75323
75325
75326
75327
75328
75329
75330
75331
75333
75337
75338
75341
75343
75346
75347
75348
75349
75350
75351
75352
75353
75355
75357
75360
75361
75362
75364
75375
75378
75380
75385
75389
75397
75401
75403
7656
7931
7962
8089
8093
8098
911952
9498
9499
